input scale=0.007843137718737125 zp=-1 output scale=0.00390625 zp=-128
BLACK   : [0.004  0.000  0.410  0.586]  best=3 (0.586)
WHITE   : [0.020  0.555  0.000  0.426]  best=1 (0.555)
GREY    : [0.004  0.008  0.000  0.988]  best=3 (0.988)
NOISE   : [0.117  0.047  0.164  0.672]  best=3 (0.672)
